7651637
1762121
4737575
7798214
2858457
8088577
8715621
9704770
8875516
7379372
3849768
1566073
8381464
5725288
4931431
6316542
2888922
7991200
3908463
9718163
5766420
5636531
785798
4940007
6026057
5216084
7687602
2578392
1430672
3363518
9229447
6866290
5929371
6843024
9585320
3635013
6947836
5600380
2933135
1968210
2639927
2652816
9323717
9427596
7849654
7127812
2442079
231850
237693
5794138
9216131
6834527
4794175
4024177
3776782
7973802
5789573
9284754
9884733
456323
108085
8974394
6613091
7689383
4862985
9708162
1811245
5290089
5210996
6996910
6674290
2977159
5362814
2675976
2603608
2390422
6929503
2409085
8468036
2485063
3949531
7126383
2361398
7712083
3208828
351284
7000967
9323440
1796305
8028953
2022817
6829737
1229852
8690003
9603771
4890320
8942920
9566155
2076056
730085
3439363
8620332
1499550
8554233
9004301
3361851
1517857
371698
9501324
4788075
1248281
7139887
8491472
8827113
9442075
207860
4676964
8251830
4700187
662007
7502748
5193654
4141057
3367736
7641529
8105356
8590826
3252661
1042983
7305197
7102660
3691183
3245480
80522
7410731
727380
2728679
9737093
1785698
2312502
8227967
2951166
9682383
8735379
5136774
6314493
9556654
8988462
390382
6058166
2277353
7939203
3554919
4599397
7670452
865897
4237814
3776040
3906417
5169103
2391057
7416883
6678121
3884182
8596204
5241388
1415456
1997452
6000114
5990840
7144131
4507924
4213026
163485
5019955
4678523
8185617
1759505
8056258
1985153
1849300
4037345
1110912
1898931
7134058
6441122
1810745
3826344
3870748
8579554
3764974
9284062
5039799
2420036
3155609
9699577
4845912
5707205
8591606
2105791
4178348
8023540
1974879
1437145
9159041
5880230
5050107
136808
3685812
4759773
2296596
9348927
6145555
4127444
5869294
1096864
3802335
6086993
2407376
7537831
5757919
9576627
4702651
1636246
6837345
9784538
3456359
3412634
269706
6808940
5651774
7301801
6614403
8495780
6431340
9093513
25700
9857996
790901
5430809
653496
5513391
9889915
4905592
3745813
2173899
4325368
7418032
1848550
5377227
3328440
7655820
6390666
8372554
4516780
9301239
8898012
1355155
3571620
8888472
96613
6090578
7007719
2110530
7246284
4377116
4065540
814621
6188042
8766109
5678801
5926761
4793842
492755
9456953
110849
8774763
2665830
9670897
4094394
9133837
6422926
341633
2282556
2942281
3978520
7705323
6534073
5573003
5275369
5564607
1787141
3042787
4295455
3334819
3600244
7694681
6994898
1955087
5612387
9094664
5297948
7258130
4429140
4721760
618389
3878894
505364
1798328
5972369
5330986
6222422
2437368
7904897
7491211
6547150
9176214
8172933
3406323
3411811
6921111
411201
7072460
2268695
344719
8852582
2636524
8150011
2858673
4583101
3330123
9003132
4425919
9782276
1370518
6073239
682598
1932771
6049318
4669851
5106863
8078990
2278541
3780670
9302056
3872488
5974941
9685651
3854272
3362743
5837363
6976122
3679417
3275044
3308190
198276
7292431
9862976
3808805
717273
9011432
7331152
2700278
6337655
6752120
4294569
8844361
5717748
5772848
8774163
7126158
5680148
498361
2823833
8848718
7147364
2380257
5042413
5521055
4621128
1644826
2944782
7235013
4875861
4733998
7449489
1562637
2851190
7262686
8585986
2704616
6605428
4395924
4932757
3481623
8631315
6691746
9268340
4684268
7837332
9660849
9450441
7283649
5062299
9561656
6634038
3053376
5117970
6279474
2597578
8265201
43751
6531014
4167080
3294286
1509647
7090629
5511151
8206421
5117985
8252188
8425622
698338
5731407
2320615
6634732
8123622
894108
569645
2606474
9760519
8915208
4807486
4412921
8964285
9247625
6459622
5762068
7395534
5422777
6908060
4485913
5127396
4990860
7718943
3490204
1108093
6668440
8345484
3454502
8191897
2209527
1910786
8416883
5750238
9393252
6755171
3785828
736085
2960744
2575232
1292548
4998517
2335723
5186900
6930184
2630768
8527808
3212383
6022040
6183821
7744475
3320920
4219198
4688984
5927053
8045890
4448578
9606692
6678121
1655844
7615695
7055105
4862084
5074678
9212085
5970921
9537695
426162
4885561
2216125
2820725
9420698
5502167
8068240
5776934
7507185
6261913
5017965
8509969
7480510
5026052
5346928
9235731
2065218
2171892
4569584
6324257
4888508
8011815
2497142
8042065
3210794
4096394
5417725
7042396
3799610
1567191
5685779
527734
5412769
3133038
7875106
2448424
7499212
5214285
2573693
1103185
4931094
3332710
9884859
4071741
2848229
6920511
4748065
2536770
4026073
9379961
5304043
8741812
3571032
5446046
3702760
3583728
2201930
687601
5989032
6152762
9894086
7328135
3999452
3410214
6242481
6475790
7565600
6133166
2543120
9322539
9742364
6757684
3296742
8905934
1266504
5816354
1606620
9622462
2999412
6292951
3772271
3839703
6719395
9406544
3273473
3675245
5302569
1089217
3294061
1293486
3067846
5736111
9952564
2917153
5860273
2683402
5486800
158595
8308336
1309298
1782153
7246573
2614678
2655083
9838308
4257524
9225974
9027706
36822
4555916
4776571
8172346
1401960
9306582
6811805
5292846
5439830
3142558
7970754
4449872
1595913
2855212
4544486
681082
6888666
5319113
5624725
5564568
1856949
1772306
9419158
1886276
8601628
3043369
2733444
7574054
4406741
4349825
8106321
5125449
6193238
8888177
633020
383315
6888359
6594052
3123532
3702754
4686290
8171634
3916116
7304843
130832
4774769
6402724
4927104
3968374
567839
3121897
3757562
799568
8802684
135975
4078740
9700652
2018573
9333315
9049870
3190457
3505423
7282526
5620059
186732
266172
9314567
7692092
6925456
7372386
6619875
4346028
2209430
9827948
2321522
9183670
9807483
838793
9721738
1669475
1343238
4732441
2217930
7720392
7592421
8679223
9745714
4736588
4750322
9837823
1030237
5766981
4936050
3580968
4413451
8567921
6967841
4052775
2573805
7940354
4273718
467505
8066127
3920228
1694420
1280135
7283361
4148858
1890562
3642403
178062
6064435
5083580
7403643
1880477
3432800
2940100
1323976
211276
2175061
8551934
4138081
10903
2451593
9668990
4641002
1193795
7526403
1609970
3063143
2484558
5062805
9605786
659804
6904533
3190793
7723229
5661314
8250994
1938456
2971490
1513023
47547
434248
8711692
7680111
9743151
1663846
1069724
4200388
1298484
9504816
5695180
8638956
8722208
7264244
9914327
8131790
1606043
3008935
7092600
9801035
1256341
4604752
5852184
9982982
2631237
6571119
6682826
6430417
2966211
1608640
2439120
7934216
2707303
1972281
7235043
2654782
8169983
9739479
326647
9862121
8203043
462006
7716355
9754035
9060701
1692387
4417394
2555146
2672423
6440088
4584490
1195146
3548813
1739683
5047021
1522871
8673238
4202636
173383
233518
2902681
7676281
2450443
3469505
9637663
2948078
3679481
8401193
2819870
5810121
6270158
6001882
1677486
7738360
2756560
5702210
4062034
2942963
4364511
1642262
7706857
6610651
6226879
5835434
1286225
1786847
7673692
5716261
8765344
6534888
916479
2265159
1205409
8761534
401285
186207
9924128
3412444
8122439
3459803
3711031
5618240
7269185
8000252
658133
3811256
7719902
8119007
2090423
8834980
2103690
5027536
2066917
8632711
416690
3709447
971877
3228829
4510584
9149730
5827124
1405610
1163301
4129682
3130181
8730409
3897015
8579257
2259325
6402515
9226130
4824330
8785460
1765934
2597997
3974513
7392040
4273804
2931701
6167913
3528096
5192097
2365333
1422400
1405772
5394728
9589733
8438652
3502570
3229130
976776
5858475
3339861
3620806
3602851
4202552
8983029
337352
8223246
6995041
9444958
5646846
8270762
6428074
9973381
5482504
3031911
2327480
5063954
3664922
9296691
3151707
9964745
5735191
5982939
4289147
2424149
1516617
503908
2014763
6483061
5649746
3977745
1125132
9223504
7034829
4770146
491692
9559673
1367822
6316540
3555219
5393762
5770480
5687729
130244
1757695
892034
3942990
1796324
7923266
3799417
7957222
5623784
5886984
4474947
6113805
14761
6122278
9804821
7022409
2036068
9040514
1568744
1251067
7778614
2213623
9130454
954421
5998802
4084980
3280870
1235106
580555
4631454
5000033
92824
9202290
2238441
1780969
895749
4001403
3910964
4598056
2451466
4999486
2867798
604427
6959733
8584746
3551854
207396
5396925
1443760
9138951
2297843
3212122
4992932
738364
8098965
6607336
6580697
652418
2351717
1129511
1514747
4298690
368767
9819435
4314228
6697241
865694
7742857
8495088
9786587
7417652
3371620
1667428
6255997
5891655
4987728
6756950
4067981
1269082
2050848
758262
3393711
4899989
7299795
9586026
4295397
2420223
5251174
1310626
9163503
3314332
6713376
348252
8653015
5421672
6951753
2020971
3661762
1560111
7220843
310595
8755177
881139
5522104
1600828
4365671
4572189
2650705
3735396
6081133
4086387
3862467
2815555
9385900
206933
4822183
9818592
7328871
2942751
2887047
5339608
6767261
5504008
1234084
3542118
6070817
420541
3857973
5748653
3470160
2243217
4045794
10809
594230
9207648
7577773
5468836
165641
5741704
4608188
9344112
309100
8762661
948182
3511
476840
3336814
302291
1692912
5606371
7463812
3903099
5257754
5799672
1499944
2943481
4451807
8549280
5049052
2223497
9280962
9335542
3026685
509064
6237115
4280654
3042590
4242111
247859
5468913
8248567
6447020
4700954
5528949
3363176
1945699
3998216
3122531
6711731
3323743
7751681
5095865
7809480
9482706
6955600
4223130
8267822
68577
251027
3708338
3617841
4584137
2745464
910411
5022436
4572970
758224
3117719
2787728
905440
3332890
7622130
8086417
5902058
5391438
6828969
5370204
1797237
8000298
6688098
5575324
2876481
8376833
3342664
9414729
8512687
5985430
8565893
802382
8282253
1355561
9292626
2769585
8359319
1099933
351124
2110224
466504
6019002
2362011
4431260
803121
9148839
8695029
8286742
6576883
7142569
6360631
5638095
2032729
1471258
5762242
6010354
4202468
5588374
3346367
3403503
991498
422609
9361537
8270005
673965
3347089
173438
1684077
2385285
5118681
882346
5205211
1781027
5189299
9350383
7877897
4673758
8261858
7169888
1311459
4164497
3996664
6590537
4848355
3553029
7369800
4971702
5456277
8141392
9343205
9937820
1168796
3937439
6226908
9088407
2651286
220441
1397025
7850672
4783304
5948299
4878881
7861498
9025541
7065980
4712777
6126914
7778938
2917400
8990669
2130983
3945487
5168031
8985186
6052372
2464724
1913109
1888151
6295698
5726825
2976370
6333953
8656069
1452731
9796859
5103834
2609075
9883617
4756389
7190338
2454791
6936529
317845
5746900
2343215
1359928
7924581
9355735
4569854
6862349
253745
1517895
9954043
4689333
8121448
7302568
7598864
8188254
5105268
6688398
8880391
8527584
8779650
1287800
7125311
9926639
7352357
4865958
109787
3503761
4445200
8349381
7248773
1165365
2779836
6864625
7143796
4835225
9609532
9755941
4018582
1762844
2880342
4501385
3495698
3651665
7310242
1980043
9153729
5912389
3842332
3638810
1353334
3473569
4258312
765307
8931846
1271135
5130984
2294239
2539922
790434
1749648
357725
5630063
8848853
3169812
2135791
5405661
1184006
4118721
2471460
1400561
1351959
8130798
4185544
3782936
4941888
8992144
2059472
6963629
178039
4340857
2050172
6637924
8606808
6099977
9459247
1034
3756197
7312449
8499359
9551439
1406880
3902598
983977
632526
2428544
2906146
3712311
1661800
8012144
5790925
2529479
3858286
7568134
6632974
6012662
4202553
1562728
117825
3267171
1350123
5128663
3604334
8412106
9267857
3413914
818504
8993429
7474245
6321245
2137320
6783047
9938337
8543449
7877703
7205620
6928404
613574
6523247
7980601
5400226
8066389
9401512
8475138
3876240
8746789
6967195
8734238
7190611
2802808
9551600
1187743
4961622
5965345
7206390
8629403
5201580
4343668
9099696
9221531
1085813
8155218
2815229
2999407
4576102
2560179
7860114
4632832
5330265
6085743
5704763
4047910
7128433
1001945
758146
9920355
6907847
5450400
2824450
1022313
3421886
4129222
1792129
6937898
3525339
2901869
9573993
2758354
4136745
2824593
2647004
2025921
7039992
776652
933071
8416246
1861163
7129369
5217177
9432316
9792958
5704591
5816781
4728650
6937844
7650050
9796489
7592660
1502424
8798583
2664594
580794
3499324
9580121
3193121
5340291
9099247
7619803
6770653
2243071
4324660
5782534
3527229
7616494
4387902
2613759
2363214
5076407
5650347
7878162
969140
2751132
6915565
3212482
4941036
30720
5568267
6785552
6175906
5884016
1932138
1298167
1874554
5756787
2143493
6657283
684037
5597342
5824028
2223573
1779629
9651823
9884745
8658238
6016222
3329491
3904489
6084504
5671695
3659088
5700327
3531119
759853
7640520
7943356
4439674
5408109
3141836
7972347
4394491
7375164
7899653
3318953
173272
7426531
9651920
4882037
3718696
2990795
4465071
8175025
695542
2287127
913357
618984
924930
944594
4926334
9465477
7176686
3026428
3841178
607080
9552798
2327476
8479733
3269739
5009405
7830633
8915860
9380018
5441670
9288140
3006891
9261586
3195393
5036201
6733673
7239128
9871136
4356469
1926919
1714202
2851090
965506
53232
4326376
4105891
2543413
392451
1924316
7528011
3605404
7158583
3245337
4290337
5475176
2899861
9438218
542965
7636496
4859129
3862960
8138241
9319521
6883972
1962463
7013471
8820923
1946709
6424921
7362742
761998
9367581
6342090
793689
8256482
6430143
1617392
2292035
7789910
6236106
5489143
9006176
9504897
2367552
8708039
7616023
4541835
6207661
8644340
9364778
4102041
4616779
5399048
709278
1980507
4068887
4854668
7983975
3457937
2324197
5525003
6475599
8646882
246834
2049741
7869983
7654329
4472250
3228425
5159491
8253182
6287223
6599729
788942
4147665
3306009
4745786
2069879
3372750
8309385
737655
7707479
1885274
3959077
1436807
661358
6984517
3008204
7728897
5500978
8842568
1099144
189853
2918310
6129891
3273364
7170688
124866
3489083
5913508
9836246
3487178
4439894
2996220
5304433
8944215
3191155
9254875
4706295
6502236
2790340
3134609
7723661
7416990
5059062
9267747
8959864
6550137
9842889
3605896
4360412
7826240
7246434
4315721
7824288
7718579
6729767
8078591
9132887
256561
1209745
4529994
4372453
7174385
2639983
1232833
9137159
8510125
7935702
7799403
2973849
2216316
564844
560059
765765
6157601
3644341
8522301
3051403
2247930
4960584
7272169
2635996
419278
2975643
9940594
9276920
9615788
5585923
3390505
7710682
4071694
167486
3376235
6837929
5758345
4272361
4584946
9494305
8075099
1232739
190502
2908753
1610806
3885027
833441
9687232
117049
2643316
4786362
7958618
3711286
1231891
9472291
7180900
6767452
4528999
9474247
3029610
9953575
8179152
7707485
776747
9440379
8898845
4521535
1617290
1431820
7730618
4157415
511716
6857947
5892992
9206066
7286784
9322436
4328884
1497267
4973138
9211591
3572664
2193998
657163
8248570
136127
4775418
4485804
1716038
9256204
2062317
1886918
72410
1552326
2472135
2554048
7751289
2908939
1286305
7293342
4560672
2728725
9870905
441643
4287932
5594691
9512303
1238648
5868563
5334341
6812687
2272324
4791088
8496739
4436047
6915609
6287540
6333343
4403424
533764
7298309
516063
1106914
2165556
1202177
8031102
7745106
4367792
7866741
4954661
2978391
8961534
1701447
7146738
4260708
5529687
2084856
8291767
525063
7689431
3789741
2169960
9683313
9399351
9844079
6560776
5746442
9859895
5642922
760024
6279731
927168
1065612
7334687
3377957
5383847
6854748
1444622
378928
7897378
2577767
7827885
2129401
3044409
6118950
6376500
8775579
6391760
8839130
2122059
1771163
5298052
6292306
4405640
6079049
5836447
1702862
3024089
4388547
1037781
8283994
6224798
7578132
3514688
6917445
6563693
624497
2451170
7716565
5846218
4691837
928356
7559197
9638668
4231032
4606058
803823
5167343
2576559
6891034
7091859
3815515
749719
8896716
8390950
883322
1959920
4735470
7248568
793279
8641479
3983302
9602158
5504129
9771623
3518235
8431537
7538410
3686047
357419
9041214
6734115
5641603
5604376
2824737
1598456
9971403
7166573
3990124
1971796
3835805
5514895
2914916
9602395
3293474
2430367
551300
7187692
2699897
7419851
616246
4455435
5286437
281223
178522
1938032
6181231
1159909
4693925
9236082
9103910
1362454
542009
4772135
4499357
9179141
6682045
8303283
9971377
5016502
7172905
5791281
3535419
9251897
7991022
8621476
6430124
4396144
4832497
5616882
5010729
386553
3399933
6811340
593032
8131485
51477
2525767
2024839
1788954
8629035
9934069
8232508
4685553
8784564
2010399
7023421
7268361
2187809
516978
2020894
8031299
5625791
5521824
1766276
9968713
4193824
8828255
3743647
5782830
3529774
7653176
1365769
4808023
7357738
7908669
3805614
3413669
5484275
3521546
6966018
8508713
7829753
9368054
8850707
694867
2079374
606028
4133135
9601708
6102828
454366
815296
8985778
1418556
1799749
6526848
3287091
667972
5403149
3235630
510307
317032
8933711
6923802
8534144
9616919
6575197
3129599
3251438
8232607
8530237
162854
7303577
7887512
3390240
9273148
7596873
7874392
4043851
5082687
8274767
347088
9564471
191656
3368570
8934702
1347392
5022041
9960806
3409198
1659702
7686600
8369009
3889424
6721183
8952873
594191
378960
4451998
4217801
2077000
7312182
9103065
7816773
4665942
8222364
1127561
4961575
625828
2647609
857104
3134939
8500987
5954839
8813719
7865109
1696569
2889038
3818792
7462013
9752611
7344394
2452785
7517351
459377
4105923
9874544
8754117
8198779
3124648
2526651
1156754
195553
3266304
7833314
3221376
7723157
413060
4639880
7636162
3733217
4299633
848136
3735253
1863641
9529676
1469143
2665173
4329392
8845260
1145407
3361007
7811194
911690
86802
6150269
7131308
631911
1319714
6085585
6241822
7319153
166444
9953046
4849742
4933452
3952034
9311258
6864485
9027130
1078189
6886842
3777212
7046261
3809109
5185326
2067770
2199616
8381585
4272086
8783827
6233522
9381805
336183
3548127
3140533
2723891
7870664
8423611
4081750
3020275
6086073
9302481
3617107
6651574
4519644
3784113
8714854
1423743
3710845
868048
4950955
7342823
4284635
7212124
8811064
742705
1817012
3192145
1072174
5768899
5453126
9548290
3868023
3051375
5406437
2014822
3231763
5292128
8188098
7003459
9661363
3448182
8698950
6147122
1567682
5208351
5162223
1309566
342071
9542127
6283215
4527786
1219855
7241651
9992974
9277854
1117962
7582825
9666152
441214
3189444
5499153
6798947
397276
7964579
1992029
8791238
7779484
2637694
2893728
6697709
3605846
3310812
7554460
595988
6731264
9819663
9542403
9565493
6867803
9144569
6025745
9178931
8780407
1348157
1148287
1879037
5689348
1483803
1415294
4646402
3397056
1983177
7873834
3959899
9205811
2658203
701902
209450
1304062
9642190
6713255
2441546
4973034
346874
9239911
9601184
1701536
8826533
2871878
6279530
6095788
4817303
2613736
9384867
3332341
159280
8160289
7125072
6826046
8310939
9198567
3223062
1771338
6229857
6911051
7382363
5263908
3020683
185057
7678162
7821206
6440742
2425814
1769890
4294007
6605622
6325815
1614597
4397630
6051548
9460645
706100
4390198
6688291
3161515
3773036
1786692
7115810
757366
6339727
4421344
8279807
8984427
5586904
3657264
1505780
8128736
4545075
9091020
578162
2297189
8811520
8711215
8720551
1105264
8702585
4143931
2085001
8024636
36170
5354250
3672815
8651501
3584991
2971872
5486192
4236482
6649419
9270195
2149580
1959578
169377
752038
6241507
3638691
1327998
6281529
4142134
8827850
4695455
4750490
1328713
6591328
4619548
5378994
7740600
2632418
7790370
1923598
7087409
4910720
7689557
9303071
8788371
1399371
1980338
7450271
7607889
8213720
9802793
2560163
3991745
4985538
8409452
327781
7610376
7061912
7609544
9256274
7680073
875584
6085937
4664006
6259919
9663540
5806981
5631005
4911738
1603244
9476200
7798885
862271
1391003
1245959
4674687
6121260
9304513
2766955
8887925
1886060
8871705
5053559
2711447
1002864
5410620
1615766
4080537
3256573
2910084
9841696
331036
1825801
5988564
5710294
6926054
4366451
6998631
1572092
2552223
8876752
5737068
7956578
5140207
2748619
675713
8147942
5600568
3224611
6145722
8616658
7364890
8856761
9488002
9302569
183382
4502975
5825157
5215846
6054033
6898650
5815344
4855392
3644704
3905645
3516053
1539969
5118375
8167644
7315854
905520
5883086
5090452
6784783
1542886
3461964
5817672
2249070
6033273
6415010
8186718
1913528
6484597
8043199
2527005
3434973
2079955
2466746
4601675
2992648
6120256
2593210
4996135
5106674
6576184
477472
2821134
723151
7260400
624408
1725080
9414604
6389099
5896449
7899741
3937045
5522705
3862004
3015413
1839994
4658745
8657091
9836118
9343405
8595582
9731318
4642334
7275476
5593958
4210711
8528198
7507959
1833931
4033682
9142108
1030605
4198062
2502789
5504079
5574005
9507354
7443755
1160161
1520130
494683
9774538
5123702
9732479
7521153
6961068
5805163
3892805
324003
572622
446666
2948972
5930415
5948595
1454405
6358573
7279755
9849796
1461492
5955526
2067500
8891181
955781
3471922
2857285
7539315
5871651
2015008
7603246
9506626
7671690
3129232
4382979
485902
5133670
8465884
5362204
3342246
5310167
6537926
2795377
9116100
942617
555195
4212211
8489716
2988562
2915230
4848289
8730818
9860298
5567559
2848617
551019
9475074
3174363
6806211
7802874
6281459
7758000
5793476
488296
3053448
9355967
9202370
8162366
6433310
7096433
7430024
6490430
5956165
9062588
4729707
4452664
8603701
7331592
2392734
3489157
4811418
6654019
3835092
2739849
7293228
1382245
3133288
6457532
1049192
5461325
5087117
658407
1486623
4563476
7982752
6123555
7711772
7777350
9887749
3975987
9738700
8655877
5530292
8231767
1613975
1881531
3598171
6960044
7270202
2325435
3638720
9985637
2298429
7856826
7649121
6429168
2768843
5901952
3917201
9803542
1731208
6456569
9706040
1871923
5090862
1023787
4971420
9021166
1183134
7779060
1459341
6516004
2558405
8156750
251533
6673115
4242067
9007708
6110114
6730517
48040
7494952
8818205
986573
7401477
2974549
121578
9644211
1565731
1251429
9847050
3719803
2170636
1804919
6306591
1362455
8503564
7846340
4191791
5978312
5151720
2401140
7821533
665791
6273554
1000569
8826446
6641490
5029144
3022992
5136876
5572861
4513842
9242534
2486857
7032531
7916445
2722802
554745
2650530
8562585
3836014
3331868
7964458
5006014
7892966
7343795
1454011
2394866
5636807
1944470
7795055
8967005
2683704
3061707
8979811
5717925
3886040
5493229
2623524
8036721
2548869
9135620
1514302
420026
2447933
1374302
2261680
9250795
2677621
1270806
3760739
4068283
1499831
1154351
8112492
4757475
5569773
7757911
7627529
650736
5182324
8134683
1588784
7661333
4512635
5249061
5560572
1258013
8217261
4356909
4204917
6341700
2217154
4073161
5802477
9899876
7001469
5370449
2974245
8691150
6371165
7660682
9461474
2151961
3183999
3582191
7245182
219335
6367577
3148265
1772829
6828044
234695
3508609
5608673
2467497
7965293
2733441
2435575
3373119
6011921
4750671
4009888
678949
5140683
7849792
2407378
172621
6837232
1011825
8696959
2170864
887420
732853
7040342
1473099
1084832
5979397
139554
9352662
1222493
447076
7940565
3109648
2793597
9389702
6550129
3836312
9156216
2944169
8434269
9735418
8309508
9097185
8140633
583882
7884024
7223115
23311
8748515
1466285
7467896
5747518
3537612
4957900
2162188
9712874
8611592
5312043
2917630
9957836
6677858
1695216
1093284
594180
1759466
889779
9915024
9369250
6954201
4582820
3688870
565008
4790046
6079511
3269933
9116773
8035035
7934174
7231865
6570844
1133911
9866
5027400
3299035
6320954
9557353
1838774
4249481
3897832
1046945
4787528
7436905
3167237
3691723
6706379
5361861
9077557
8868270
6771570
9597275
9760763
7971110
6952300
7891997
1835169
3629621
9454540
1314809
3596646
3671268
3119743
6198767
1036343
7732593
6084672
1944489
7999927
999463
7916746
1102403
9742784
8200659
6910034
2577750
8637606
3683980
7260229
2288485
1855198
171577
6432599
8155038
3466360
9621375
5195176
7912250
7602072
4513937
1510099
8907577
5061232
6839278
4759242
8786038
3069603
5075667
8625977
4761181
6770612
6532552
9363109
7032667
1468067
3572313
1147725
8834917
6642836
7430640
1756907
1587580
6329965
2622895
9893959
8667422
5569692
8253896
153003
5432545
9335227
9941166
2830504
6303697
8592165
7516716
3575473
1943740
7958816
9190073
2215829
875188
813719
2435285
1006573
237037
636029
5507244
16139
9805964
1866447
1197753
1400521
1893275
9640807
6209302
4910418
7277809
5375373
5354648
4134901
3946369
4372377
9682829
6705770
1087030
2366255
1587340
1969996
5517036
245525
7969786
6483331
1525814
62164
4612371
1086376
7974966
879825
1055207
3295104
8420919
14182
5479460
5271041
1012251
3783125
3364968
731992
4962538
2011512
2021001
3822434
9510881
2224611
5481462
9183369
9456131
2716325
710856
5244648
8587116
8492762
6584971
2108493
8630044
468643
1690269
1301117
6695553
6233500
5628571
7140067
8631724
206587
1218706
8498126
9175698
2063852
1754357
5340268
2345354
4947290
8307426
6568440
7123858
9156446
6958821
4429555
4163698
2773789
4793619
6025369
8973156
7990130
6515190
4308565
5846997
773215
612889
9357578
4664492
1962061
5160529
5693421
9601699
9871590
8527934
2934954
4791266
8056532
9555427
5184741
7011864
7010538
5071199
9195855
9600651
5265900
24084
2590690
4956031
3611230
6959339
1186033
5234267
5958881
7082602
8824365
2142379
1770878
4737294
4019557
7091030
7891558
763295
5195831
2394985
2137075
7909795
332051
2695016
7056394
3242838
7419134
3323986
9905314
8318098
9296546
8951138
4064575
7782054
154578
1512478
7884981
1019782
1272272
1171453
9256992
9485165
406604
7852938
8079148
4429408
2656696
3754915
4239163
5886311
597567
9166004
5723466
3977848
8011116
4903380
35432
7871151
4637730
4734409
2229486
6048113
9030135
256675
4557733
3941363
2811786
8884896
5977700
1445476
2425310
2829557
4584245
3329845
3802220
3250913
2405635
159712
1293305
9133351
9943247
5974450
4669829
4848909
7336300
1677263
7038851
3865105
97486
9858035
2111701
8601039
9992303
7601147
1422829
8047055
5824372
8722673
816976
5437099
4640948
5836410
805785
7999222
1187305
5665813
7240700
9608492
2315624
8098953
7157195
5027953
3493456
626216
9616074
1347037
6558808
5005526
2900789
8213214
1433317
2267464
7525432
3501456
9631979
5502716
9166248
5177452
4097308
7266882
6850235
3284313
8137769
9892741
9517581
8218838
6064797
2517651
8420410
2762260
9499650
8213846
3728502
5691697
6260795
8251950
1183348
4222366
3244491
8233139
8675123
1016954
775683
2592928
3212855
9047365
3533268
9809658
5916254
4205383
2343252
543327
6378399
1232626
1885268
4885494
8031655
3276497
1672387
2918555
2994928
9177657
1541082
4862774
8288520
5455877
8327700
3232033
5273609
1884962
7409702
9624327
706530
533753
1354424
3040630
893771
8199054
8045042
4955830
91777
1267656
2342884
8757983
516382
218447
8597188
7627267
4109866
8211950
6127854
5443536
5559363
4513429
6183692
9891496
1968523
8857054
6818117
5575089
7055061
7282436
1626219
7657737
6780007
3461168
9351534
3312692
8910183
2079840
3997872
9097814
1173644
2457324
9270939
7261672
1388507
1247954
6926489
2942935
8228801
2818553
5916177
7242626
3136691
4686079
8099240
8228844
2298598
3264011
6727586
3076186
2573478
2089397
5913827
9747146
6794689
688845
2856240
5890356
1962620
7290527
9721602
5960622
8503409
2700638
8776278
4958260
9989831
5836549
2607925
8640350
503605
3645225
1094605
5574082
1164079
9434325
8155052
5982433
8256472
4004707
4253311
5975042
2863532
3396905
5132894
3462159
5937688
5550466
3320085
3817192
3346470
5723857
6562932
9183396
2582177
7134004
6561969
5212866
6547476
8948312
2100623
2981047
111809
8498401
2997739
1837583
1979216
8383548
5181595
1034359
7816338
1993228
2624243
4114225
560124
2901922
8876952
248915
357911
4575704
9511999
982293
9688303
6878966
6902991
9165112
8869438
4980928
465366
9260061
3381952
4435453
8730661
4650946
7217157
3443983
4442609
8107441
5806636
9610249
240056
6136905
7997686
3856744
431158
6597361
9009710
8596768
3865270
1650791
5339895
742180
3973381
4903486
8182203
2675833
4674919
2410284
4081889
5928977
5038186
2112074
268492
2977764
1333647
5231055
7393435
2309294
2433755
6165797
4244054
706500
3389921
4508240
7414130
4562457
2456733
3947332
3881629
8958572
8835437
8029102
5977633
9227408
1973179
2010531
6326094
4769735
8381443
3374666
4992266
9006729
8626586
966992
2298376
2522074
5397295
4168172
8548298
8685033
3368299
9035830
6248687
2344397
2956553
7928129
1322234
2544556
3005626
2764482
7279432
9638727
1935938
9783807
348401
5660757
2962963
5428326
4158069
4365702
6612457
8810957
9728170
3960725
2951243
6116965
240257
1221703
6704005
6245592
347102
427223
741031
5014958
6623584
4340516
7298770
7333631
9170344
7331174
1734553
2884818
4352210
2652341
618733
1074211
5186588
6875398
4532007
5260106
8992718
4532967
6062597
4614500
1570899
5132424
5187433
4356411
3401495
2875912
7473441
1553807
6136726
6659172
5349479
4208037
7003958
4220362
9076423
5914801
4647414
9671334
1982367
7038216
2405923
8067693
4031834
6039666
4057523
4160260
8862368
1370654
2657455
5019421
2048823
5168991
5254270
7835156
2545105
4890215
4989482
4869359
5005108
7961207
7369405
7273419
7998995
7560572
9343507
8282824
2017974
4710398
8231833
4161910
1600135
3006623
2514725
8195683
7911882
7520281
8031302
9011980
1683959
8669495
1228848
9566066
1527993
5192177
5763451
7231072
9348964
7741933
9972968
8611550
2820930
6084790
526555
4933690
4707826
8391913
1900751
5164629
188074
703585
2240257
4374572
6281217
8282259
3632296
4279285
1976730
8277615
8856621
1386862
3729632
4894106
7268947
5721467
8614447
4081563
9633791
9708103
6618545
4662001
5443392
2476293
4307830
6760857
6542605
9576851
4412198
6428463
7725352
1904795
9755143
7417633
8376433
482746
5391344
7225820
9203168
5683006
9818016
4715388
4634596
452825
4690255
893116
4561610
7156206
2597577
2760111
8749644
6756907
4148293
2535927
3476212
7241152
8860306
1015721
2728820
5414862
9171388
4336879
5644446
2509083
3258943
8011623
7780027
9388564
298697
724683
6274052
1582330
1293744
3100183
7992599
7841356
9669787
3409510
5348833
8477336
8459413
3021947
6643196
1347828
5087644
9292507
6492227
4026899
523012
2536410
7197133
436729
6872810
6757274
3748971
9014448
6378163
876151
3575457
7349817
5203982
8351108
7105170
5153179
7420859
8282146
6758083
3399466
8140363
363831
67078
2542832
9892196
9378062
7293302
6807842
3021097
2312017
5118910
4736966
9133332
2641364
5783973
8410456
6437086
1836423
5379995
5053500
7197992
7729029
5920717
5106908
470512
3020441
3281579
261361
7767830
4915690
7132408
3441643
5397363
8637385
9583601
276047
4815959
3402016
6424302
8197518
1548296
9334423
8551736
4996904
3963962
7751146
1474091
3385000
5523128
5260963
7615043
1918947
7977701
4210991
9556204
5509807
8454283
8149318
2324502
652028
347224
1180202
9364671
1501803
6514498
4355444
9932778
2980161
3396102
575641
5304859
6187966
6364108
1867581
7415507
9593825
9865485
9359141
6324388
6692225
733213
6790600
2254426
7128055
9418216
2981391
3853551
3645001
1834052
7313867
6802653
1639123
4008286
5000740
5925538
1585244
2798885
5670446
9552437
7152638
8560974
9634742
7046782
3437790
9838701
1095442
9125683
415869
5908952
6502258
5887747
6448853
318066
9291307
9307570
5487100
7429701
9313913
5364452
9462453
4441417
6407911
5943569
4294838
3329517
2768741
2181063
3920599
746124
8045201
9020184
1799677
9019448
4414805
5403855
3470044
8097622
6286253
5749709
6891643
6528458
731636
6136855
9558417
9381933
268532
2979342
2655818
2399134
9192269
2869488
2902546
4590892
8301173
9744937
2139065
6011250
562721
9566526
3211790
3495377
2036096
3289730
8250667
4778502
8196695
6070666
2049183
601872
5700763
4368344
8929687
5163722
3583346
2888038
6213214
7587663
5900399
156381
1211861
957886
9905905
4926960
1523044
909989
9997477
5585918
328850
2768233
7868983
1260254
9389980
4784449
3576292
6427222
2472637
5160794
552363
481436
1058018
2227991
422
9936987
2357917
402661
6549094
3725084
6896263
9361784
7570910
1393423
9215252
249297
3145700
9921714
626043
669292
2292953
7338482
7347846
9722201
3802311
357453
865528
5404860
6758933
8847568
9884714
9322241
6690545
2108842
4874667
7848129
8155589
647008
6863084
4623975
3546924
2423073
1883250
6599580
903150
4399630
1272832
4696257
599674
8613971
5884921
612537
1934237
6978731
9195765
3294459
5826685
544034
279939
2156930
9120346
7050767
2672569
9269600
9302469
5262853
9249508
9410129
5853731
5787074
6430226
5139718
5891922
5872205
3244488
3870173
7292491
24921
2102718
5268782
2048690
9188151
8471297
286693
6276679
8698228
6077833
7598457
975972
9270443
2757820
9304851
9423247
5858239
9602878
5378041
2907558
6389552
2682136
5517603
6407629
6104477
2282120
7837882
9766918
3501627
9346865
6121599
7939790
746297
2598756
1251594
5962155
4801706
2681976
7872036
442541
5515328
1594241
4332372
9574640
3425488
6658832
2531771
7939939
3149146
8337770
4408730
699130
7869967
298310
3510009
4163578
6666464
8318735
3324970
6193188
9203264
1855803
8885883
384599
1654167
8394972
4511696
2593723
3633948
6065913
8512226
6979204
8386502
4429601
5171681
1458453
7510165
6829641
5394865
9235520
7096731
249281
26405
3890102
4318896
226911
4042733
409595
2221564
9056687
5568579
3501161
5755645
5237205
984124
7538363
3938684
930026
6265954
9577003
1434871
2051154
5144392
8017369
7817667
2542395
6661741
4695178
4311492
355878
8280422
7451084
5904635
7733808
5816953
3558696
1383741
2476895
8167163
1783617
5060916
68690
3039974
2301120
1747729
8759411
9731566
9217627
876064
1011665
6348672
21255
6573988
5071798
1829203
9929260
7975517
9854432
7610371
6805287
8076330
4814081
9858914
4086926
43233
4026562
804991
4994141
7043330
314243
6910770
1181707
5379597
923011
2356669
2953902
1002740
995153
8642682
6177234
6314921
4881178
4979172
3107099
7589152
8194949
9580949
486830
3298845
5440300
8980424
8482662
185218
9023661
1040080
8285742
6985959
5516021
7471440
4542371
5406748
4138914
3357184
1166256
4137951
622921
4425002
5541607
4501987
6823503
7636247
6643533
5662591
2777844
7029373
7182215
3235386
3247663
4697621
8519961
7609876
5216818
6282371
9815296
7326195
6298844
1428005
9615833
8445634
6558382
2271108
8951738
3012166
7861804
7226272
9874187
8422916
5546150
3082718
2338297
4808696
6931832
5740422
5347582
9371462
3393
8791364
5357047
5033714
3443909
9590984
6074666
5725593
6132489
4466872
9005995
2168633
200631
8276192
3354312
110795
6792018
8650266
7218705
7625667
7781693
1954221
9425157
9309352
9884339
6241542
2780702
2991840
9817759
6297824
5058346
8925303
486452
7244990
3600506
2319986
8511517
6116662
3071297
7569068
2856956
5317363
3593086
6537060
2788747
7942645
8270300
3882023
951925
2564222
4933556
9540074
3962199
4273609
6829762
2221371
8582494
9529760
938917
8049964
6291105
4670614
615906
5325589
2847000
1825422
1335673
9793707
2319134
1404209
4462744
4780784
6970452
7342625
4171115
7084995
5373599
9844948
6908137
2608270
1184179
494907
1126096
5373781
4108734
6293487
7397739
9793665
2778440
2434798
5487115
8835014
6475848
8445566
5464659
77830
8960825
8690742
4535505
7566866
3003174
6187193
9892641
9829970
8653255
8169371
611551
3468769
1768224
2915338
8370579
7323189
1860391
9968448
7611355
4369578
9945455
79458
646166
7232829
7742270
6945796
2174241
8476165
9312073
139151
686521
8677904
5023971
7489517
1318530
3712761
5594775
5633269
5853567
7625926
875138
9434815
783493
9021358
4040244
4555788
3602003
6981461
6892155
2572746
835292
7193481
6092218
4733752
8707673
178699
3315803
8696190
8794721
1303651
4557929
2402614
6534133
6598377
5117197
628377
44562
9314833
7146749
2674264
345247
9629349
6084827
4179259
1774370
3926210
763821
2093082
3171613
695121
9545504
9475056
6220496
7233561
1441528
5975307
7238637
5065668
6852033
606290
2659161
2272589
7291578
5727049
6464060
7774839
7270425
5039598
9910392
6015488
4360535
3836247
32761
463666
5399452
6738664
3610642
891070
7771607
6733897
7556638
2469893
4755365
9439566
5011890
4398766
3035499
8219846
8827389
1984025
8654588
9025854
565053
8886812
4913151
8648481
3669998
5592224
2027198
6448672
4045501
6064928
3713156
7569612
9904744
7026357
293997
5137232
5478507
3321814
1406699
19876
9925539
8441510
3940007
9344971
3622436
1417760
2442801
9159955
8902417
41277
9917175
2376673
1267478
5622694
6646699
452943
115974
6371148
3509127
6141892
5107757
4869980
4084168
5079157
5431588
100288
6790759
5979985
4444605
5996272
4274592
2782709
1421211
6612046
2315500
7202056
5478834
2637739
4635613
6845160
4140568
5223479
3163041
2295142
449807
852978
5542150
6381553
8069551
5354227
2980351
233929
3379120
6042922
1882615
3654158
7223646
8465035
2148795
1845337
6676715
8238059
3495133
6599212
8944186
9086244
8710164
7671270
5367231
5323270
9366582
9262007
3375253
756560
5184419
7274842
8194407
6270607
2977256
5335594
4135029
5192412
4911985
1435406
7361347
8950312
8673981
2498449
8189436
5508214
4053381
1177681
1164465
9590400
1454471
7746404
5435836
6807845
7879023
80307
6278918
3455111
5045769
6414141
1004647
9967656
2481988
8809120
8953340
8812549
5659553
81588
5786654
6931315
5546576
3320482
6871691
8761817
1307144
1060504
3193843
8336809
2305460
679961
5940031
7989963
9057013
3656583
2661576
6795914
5318259
8941682
8756038
4029043
5117607
4902381
2899897
1646432
9204321
33660
4019072
5083626
5128308
9956382
401812
3497536
3962554
7094424
8638608
8999040
4541331
9863509
1216324
9388503
3011099
206249
6798840
440683
1477376
1872409
6494067
1881169
4579665
6970313
2737284
5854698
6937852
5004800
4813320
7906416
7587340
6869071
6495170
8280342
9756476
6072215
6794239
5684995
5638688
861191
4397457
6584348
6173066
3835442
9108
542998
5270939
154330
8520278
6187591
6412342
1501977
4696421
2942310
7085097
601092
1903609
854386
3150539
256803
3286608
4546323
893771
1663456
8767009
7614715
9252652
9021809
9247223
641252
8518536
1391008
1486208
9389701
4663129
8139155
3255402
9733352
369650
1358274
8588385
2390643
4832807
7173898
7205402
3642345
4440929
8006471
523923
7861923
5564928
9531205
9059032
3911383
8852592
9334995
2472474
238096
1663024
9083436
4046805
2853847
1574899
8387946
5941139
6285480
9263504
6502445
227593
57303
3465386
7481015
3412566
2298550
4235739
5492378
8914628
7664922
3252503
9614036
2800798
8921463
1532466
1618308
2975646
254672
5598491
6014523
972665
5665009
2873326
8926003
8514983
7636616
5874276
1257499
8092542
9689313
2644336
2048140
7945449
1388598
7779232
9906931
7048290
5922599
4396127
3992293
4957779
8450651
2438588
1124083
4716174
8086317
2823735
2305983
4395487
7598439
111318
188106
4322594
2696967
8610791
8814125
2542917
7116028
8141315
8374164
660428
614909
6020883
624172
5834327
4488318
1284664
5134423
2417792
3210491
5618935
2594270
8491795
1433440
3045824
9027204
8377056
2717794
7005406
3959743
2099779
95434
9155536
6339622
6741898
8846311
8946106
4313209
2624129
8717508
6823266
8849017
9350225
6220878
6780466
6633654
2883372
7616211
5896998
4668488
5030781
9720162
9491060
7559762
980082
8776816
563185
8621854
8861225
7284016
1317192
7602823
7700140
4890235
2719678
1093336
6585531
2260030
5295361
6494527
8387709
6151769
654437
6797292
5948489
9859565
8609429
1364965
7303723
5642019
9162844
7413305
9205137
4793612
2133278
7946131
4975713
6610257
9736425
4531940
3562933
9658756
9048801
7496260
1546779
7480576
1955796
1856479
8814477
6143593
9922008
4640297
1631516
2901136
9720643
8105959
3918598
3625876
4120084
3821820
8686712
1656803
8449561
4564804
6787620
2230736
9952201
4561721
9404635
4765518
1882535
3724391
4038613
9920262
8416891
8218971
1136704
9578679
9618915
7961829
9966446
5684778
7938807
1448761
7855382
8205877
9023663
9701302
6496463
3406107
9977671
4053353
2662072
1084275
7634706
7003253
8374570
3463150
7892228
1420939
7348866
9012962
4704194
1026740
352577
1650084
3942021
4247826
2021923
9472577
3006490
4310286
5626582
7477497
1809786
739259
294315
5550530
4545690
1316500
7286224
6426771
4527307
8984194
8056136
8292122
6295491
5185827
7032608
3228020
187503
9699332
6329704
5797885
4604223
7144704
7922723
5731904
325603
2037734
1217646
4887445
9397855
7513449
398164
1445626
8352191
7657315
6451703
3650233
1813786
9759199
3355962
1303427
7920939
744547
6550044
5703339
1398235
1539197
4519344
7741890
3613860
4188667
1090928
9476847
1500037
9179756
6866235
6650365
8826861
4601714
3110491
8346929
3993675
4536200
373306
5266832
8238436
1379708
7132515
9937048
6964335
5679095
833391
589507
4744302
7500269
4837943
5407554
1487816
5352097
4078
5374508
3240786
2252005
8881999
2053996
6138102
3646709
3845289
1289898
6139776
8590979
7866687
5034469
355405
3839274
8103668
1296405
7998063
319553
7976507
6546294
307495
2835512
3001572
5825147
9143866
6782945
9285191
3272355
3377127
167911
1288501
9822659
683364
5278785
7241267
5417402
9908384
1991291
6412754
233548
5770045
3875008
2340272
3154636
3344738
9021845
71151
5991079
4519690
9831380
3491424
8802871
2391651
9864976
894610
5086010
2453792
1319971
3086562
5554621
1336524
3677244
8527401
5783987
4854234
2639897
4279171
6075381
7158800
8607723
9857894
1561805
1912033
5621631
3481303
6794450
4563058
4964097
6658605
1832866
2052966
2416209
3586199
6207593
2567872
4548800
6393356
3032121
3322886
7364628
5924444
8011850
8783284
110508
449366
7130828
5215542
8142762
1461444
2392821
9680
1356300
6552076
7151433
5825723
8877101
4244055
1284715
290898
6469809
4620530
1752884
1710522
426632
2604164
5923508
54358
580655
7821115
3456688
341548
5526162
6127050
7513485
2471057
5130490
3077485
7584037
7530896
8986410
8892315
4327517
5668213
4580967
7794469
1474295
4713675
5646176
1995226
1061347
1927388
9408928
2053781
6055180
3469928
1271888
856248
8762236
7500898
6834152
8039346
4334936
7168732
4099862
5326613
6152244
9179317
3224942
950053
3886813
2117313
7216561
3097712
5666493
6242898
4626895
8157747
2896182
3097972
4472196
9422137
26698
8929710
4360150
5868268
1840565
675643
5122944
8654179
7670290
7053320
9130420
5043365
5372930
158894
4897137
5617595
7855446
4902819
7599147
841273
1478533
4597183
3680698
7308467
8762335
1058005
7858065
2333794
7475642
6697180
2517159
7940941
4410886
4252552
2753493
1757664
4930436
7040969
5117570
2843691
8715406
8917947
4505683
5058050
8056407
8488944
1575597
9214888
7496341
6541046
2568508
7981961
2668574
9150209
4483146
4243516
1769512
1468024
1174839
4479406
5262808
8803295
141804
3604820
8133126
2287559
5512886
6670102
4290607
6150004
65418
5837725
4572874
2426047
7978838
8133542
8199605
6785205
469127
612016
2505439
6087669
8451118
4780245
7310144
4265373
9940156
1393105
8380714
8172116
5031545
61997
9098227
9158701
7985685
5512191
663053
9302790
4198733
3778883
8955140
3459597
9653103
7149634
511861
9598290
1819036
6240949
994085
250360
3917969
1239341
6981834
7319997
8960343
2042274
5974113
992877
6034975
8801992
63170
1028570
8954049
205295
5911685
5333121
6547249
6714909
7382055
6382166
4650505
9953178
7450167
801296
2149277
7426381
2881744
1209196
7313256
3868050
8557565
2290409
6098796
6622261
8304538
4988428
1097397
2692916
5622833
3696106
8372931
9352651
794983
1369253
9557338
8535055
521038
6600571
8263917
7626471
2444597
4864927
3129305
5728729
9717721
3383309
4609711
4981748
98434
5351593
9033885
1114998
9982748
4641621
1354797
6039421
6243804
6505905
7543923
7996463
7783977
3303576
8636504
1548471
4301458
6814066
1063095
524753
1931040
316309
2092160
1930215
4139553
4285083
4960459
7778555
1539566
9292450
5582369
4829538
6130708
8501067
1606297
9290021
3886145
9997486
5025745
4680907
4572456
6137369
1554568
6277337
9224357
3060887
3540413
4796967
3791423
8585394
8317278
5341294
2132169
793796
587579
4987531
2751531
2810869
5676082
3883653
1461023
1496094
312488
216775
6486533
9080417
8976430
9005126
3456908
7135670
6778085
8306458
5177218
1689213
4349565
4140787
5123758
6782681
6286687
7192976
4193569
1322562
2307700
190716
7399459
681641
9484981
4746055
922201
184196
4657667
403702
214798
2344133
8447659
6656909
6699398
3524106
6178364
771806
4005657
8544966
6435006
403662
4670042
3698729
5007307
193597
4748765
9604587
519743
5801862
6892765
5396287
8181603
7163889
2091322
4840561
9778456
5147878
6511628
3160105
1278653
2247767
2644812
570926
4242901
8463020
3314641
4842719
3601900
8096735
3013308
552250
2306523
1846163
3499434
7123571
2856928
1264788
9626590
1235182
6781472
9442720
6966396
1723130
5763241
2582221
4948382
6720328
2301460
2037748
7959593
3446222
3547013
5345000
2130026
797254
9265740
7781020
7375774
3687407
3760137
3077481
2679900
5949432
2019549
3051863
7561784
5531200
2370880
1126319
4218903
1707939
1466307
3971581
2920687
9079952
2571453
8843362
7892302
7236728
4806888
1571273
2146926
8142208
9247823
1615345
7508271
5532272
7601288
6122858
410816
1914351
557052
4498201
4973423
9120409
5847983
8641126
2312694
7788339
557511
1713795
9095654
9633182
8276308
64611
8927032
3918362
9337248
8766904
7324608
6148507
1547158
1123121
4756834
2679214
9585847
6440241
2500078
9675461
3557322
8399719
2918619
8649207
1055076
8425347
9178649
3668018
2542777
4594978
9378306
7250431
6853644
6847164
6608909
2950040
2176238
3501316
9558321
2679178
8021374
2440086
7925524
5934334
5354280
2695229
3136226
6259333
5328111
8633322
7632503
7518585
1869360
9455232
5355193
8851562
9742673
1303372
1945958
2540993
7662024
7913316
5666629
3451084
5517154
8451425
9066671
2178399
5848639
7947748
7025269
6606871
2331904
6563497
8952791
8169743
2219945
8825003
1657044
9795056
5446485
2911126
4662956
2247641
405740
3098668
1620041
4379388
5301918
5550429
9840164
660911
4401028
8773104
4978871
6291532
519547
5277328
9406715
6170854
8648916
239701
912747
9064026
741812
6296779
3040507
2404094
8375593
993519
9577589
6348720
8260255
4863793
3503029
7944811
5372699
3638150
5042480
7553495
9876076
7654073
4389349
49153
6922388
5186583
2120760
2730081
2938538
4122079
4370409
364665
8060407
8165922
416102
5345789
2006547
9604332
7497942
7537525
9872500
533731
1403853
4071966
5078708
8425771
1642327
4090419
9019451
9913848
6867974
7221980
837178
8766972
9633686
7453849
6186074
159469
9513880
5971568
850628
3550043
176548
7533706
3649468
751310
9077496
4994326
3181618
4101012
8108378
5697901
4661848
2038668
9750842
1645189
6343705
5846516
6072290
2564881
9843261
1831189
7244461
7324688
5053603
7802600
2174267
4476839
8279503
1349157
6306993
7156812
1723685
113445
695179
1040424
3520549
1040119
2022224
6613270
140166
6397840
5427927
8617771
7174812
9269643
703908
6216993
272264
161200
7710029
7150661
5294532
9394056
8708679
7957658
5657651
7030948
3721936
200622
5247621
3222929
9987371
9552065
7309517
7073077
8121429
587788
3271270
1379161
5695049
5182180
590546
3947702
3584369
6511322
5402628
3564454
1680073
3843645
3999131
161409
8322146
5534219
6981873
4237993
2172496
8937577
1313125
174222
6146111
6315306
8422979
1716148
492122
5238468
1036456
5618997
6149335
471239
7447501
1201013
96528
1870988
9593904
9391051
1575971
9451326
476679
4745586
1789363
2428523
7219366
7865850
9948568
3807971
8377184
3663407
5409238
5866239
7982909
3002551
9023618
4745570
4255811
1390471
6819519
4301504
7901933
8591236
5645671
330653
3498442
7307215
3519338
6354459
7581755
7401615
7070321
1246101
8748571
4528415
4696132
7161575
8330916
8491051
6826374
3472236
5020732
7168774
4040018
8694992
3196542
6429685
9687513
7777608
2644114
5092044
6140329
6520449
6865056
6700496
2823776
8402284
8231697
6651475
9784608
1626637
873559
4032093
2703153
5816460
6370210
2429410
3980390
8458771
3077194
2922067
9813620
937194
7226229
5483835
5020062
2789191
2817802
2108701
5775916
686087
7763721
6109712
5409138
5557826
5739189
7248859
9917382
7270723
6768354
1622874
7978245
1315305
4694304
8559865
4877178
6072663
6373880
4174338
999133
2401551
5689659
2683182
3313172
9524834
5285911
2102810
2625038
2492657
312280
527706
280835
6861101
1398387
2833215
5475684
5648861
8584528
5350487
8354445
2120848
3998064
7829066
4687259
9496433
8692080
7832692
5060910
5291371
8252322
2606468
5247670
3676287
2530392
7408611
4696529
3970912
7175613
7317590
6937385
7192124
8514959
1605539
9096996
5435119
8769861
5911398
7696179
790930
5600685
7652325
4430966
1489779
8534120
4379483
8736099
3008632
4955658
3114417
3587494
992604
38813
1094770
7220952
1013726
8234675
4813204
6227656
7426902
8759852
4750947
4832641
9881694
3897795
7787475
1070672
1409944
6867965
7910410
3044645
6433019
5519258
8554804
7484828
518833
9168532
6668539
8422974
6267610
8532070
9430673
5953535
1316684
2887242
9442121
3774899
5128453
4353570
3163150
9486809
961948
6496902
389737
3465768
8227293
3337289
9640929
548507
8283662
5280676
5471907
3724232
3665172
496415
8932545
569617
6705471
3827105
1658829
1256185
8580622
444185
7414582
1617926
3901200
8152190
2293510
5987729
9158336
496496
6246680
2294362
5564819
2643871
4118100
6257486
8131119
3382071
3951158
2426349
3177598
9524198
3971258
7278556
5907947
3505471
7355064
3628456
8155257
1024522
5664340
6190449
3960926
3208287
7652460
5300676
7257950
6969007
44234
9521285
1603985
7973807
844767
8134641
6645863
2961783
3750664
1380595
9796101
2020475
4316963
9698077
4463265
6873045
4675745
3203022
8101866
8229463
3807470
9167827
4333809
3819417
4633643
8363233
3442230
8851655
7529521
781739
4649903
2333891
2248112
7482364
1768202
5939370
6701833
8079744
1038955
6920654
1565749
2746309
6290345
2948120
4246393
3504425
1889323
4690119
4402768
2056152
8396874
1453733
5911173
431404
9318752
6269456
6933107
6331077
9893155
9430140
575577
7199841
468146
3683963
3525676
5784046
7695432
33143
8996452
5213376
6503458
404570
3338570
3490577
4611595
2335483
2752451
5681817
9208527
1256784
7678048
7070914
2341786
7958503
7644584
2073879
7551671
2386413
8630096
1805925
5331679
45742
8310743
7851306
9108842
3977352
1972386
1007022
6611224
3523757
3312049
1554675
3726168
916762
9874442
1960420
9251679
8095483
2448793
3811188
9304684
9102948
1393829
8266052
9573742
7911452
563820
3334790
2090064
7591252
1276172
1891454
739596
4364192
4591143
1488890
6350178
9273267
66822
760919
7861676
951088
3107608
7482036
823274
5284693
1041977
200249
8260967
1651054
145432
8766819
1819602
837141
1967083
9057410
3007661
6760300
7523408
3712350
5359297
2669198
2190303
3819396
8376965
2632524
2454607
6120604
3229323
812074
8078896
6545630
8352890
4268839
9688373
3656946
342305
9865125
2306295
4938204
1812823
2202728
9944443
4765158
3280046
7476589
4997710
5369264
525695
7625377
8896985
1137276
2404553
224825
7242058
2185874
6596566
2196660
3466379
5308544
2419377
9595382
9978050
9112647
490430
1487115
4676550
5447808
8764089
3249208
3762221
1072473
3268056
3496209
8835664
1913656
9724692
9277299
7426745
7245649
9166680
6192210
1298001
2646614
6642791
3637123
6134820
8687726
7158352
518982
9564818
6967718
7106328
3466114
1841461
6326379
2618769
7815007
4982013
9853770
8504702
1467548
1667492
7657623
2739377
3089953
4792402
1259587
1831077
9064130
2194558
2961686
1815589
8104096
8800428
7557569
8114693
8514587
188980
4358833
5043903
695914
7407103
4664876
2366001
6688586
2762245
3525489
1960743
9303164
273003
4928551
2417423
5695292
2475956
6390933
3155847
4122747
7367132
2338883
2542554
8060876
5399060
5634909
6392989
8854681
6659456
3141335
4236623
6650286
2625147
4306449
770877
9475499
5214933
1417338
9041016
2028588
8257656
6384219
57010
8986374
2946836
1704275
794686
2457204
9370782
2598713
8827334
9581284
787203
3224958
7195245
4220343
5953903
2336599
7544488
6180539
7532200
2796920
3052574
2476947
1347347
4947527
5207465
7774977
2120232
5991819
117736
5333461
6177296
6273717
705496
5526141
600603
8615292
870033
6332744
1297654
8722641
6508967
9067744
9550543
3077537
6144995
3054426
7746685
5703105
830194
4953749
198403
6724974
8986126
2022031
4226226
3745048
6886845
3698364
10854
1703262
9603224
2612174
5111310
8123366
400850
4353265
1001874
8422011
8820070
5161143
4497984
306085
8965585
8067373
6521354
7191485
9894321
964187
4297152
8047177
9414163
4574476
781137
5101622
1092397
4362811
6882257
1444351
1821632
8054026
7876282
7713661
3902193
9615402
5298596
782114
1273901
1310418
9559399
7634726
4266417
7746485
6542104
4480434
1036192
9716058
3525827
4545636
6719373
1069935
5915405
7969290
3253856
8863545
6467507
3752284
3809998
5581452
2968940
6809456
5818334
2372266
8653335
2830893
5693963
3915608
2035006
9879799
6531106
8794722
9293815
8437445
7277660
4062783
2862482
951425
8198413
9067905
4447834
7851615
2796878
1541302
9360095
9468978
789591
8455020
1729358
2325513
212981
5220084
6956005
3859400
9291803
9422891
8571868
1807546
309410
9487114
1581546
3188478
8394005
4400330
3308348
3111719
7871310
7959058
5786913
5485473
7632942
9862820
824640
6102677
4831100
6427324
9996635
3556154
3133996
5688786
7043972
4966813
7762800
5235887
9412617
1604557
4579691
6232799
9000477
4139743
4607923
3786186
9572583
8483757
8538678
2061003
9759512
960465
8015750
2364417
6071730
5895995
1788000
3794088
9942598
9622525
5180790
8986516
6455398
2362448
761461
2003123
114773
3492476
6560257
1456164
4790576
6282971
5756898
9603554
792201
5365975
8354354
7331109
1924047
3906117
1035189
5692683
9327820
7731803
6132189
6993129
6935004
529744
4443784
2275944
5432859
7614143
9486139
7516951
7789922
5752525
2697593
7827284
9592034
3063403
97459
7533423
1707524
6096684
950033
4128962
1130229
865926
8095971
5782264
8241634
822244
7787050
5336080
5188478
7542876
4096620
8549708
589747
9253131
9276922
711161
367072
8208623
6795732
3686340
3135111
435422
8208667
4974077
1293575
358937
8509770
1400450
5730146
8448061
7151858
2712653
2873595
2159305
3539415
4522209
7729009
9186354
6470665
5799244
5482097
7303683
6741768
3433985
7277118
6938559
924927
5258620
2853087
1013995
2193503
3362106
3865441
1575869
991082
1532439
6925469
4250689
4327765
4225393
4657373
9676121
7535749
9585655
6402889
5704667
6427649
5735756
7596009
5401526
974789
7800145
8285387
3640903
3859045
2946192
6799622
9450747
8550650
2100893
4130659
2164051
1925683
9941469
8253160
6905623
5860813
9260017
5302744
8976366
729181
1866836
6303586
7292865
1270144
5823976
3965958
4198250
1916913
7990048
3966846
2681024
4339978
1609249
9081870
2321729
4700502
992035
2554314
2133057
1906730
9211817
9167149
1867177
1027758
181515
8626496
3334790
7942860
3475744
6070087
9813600
2290873
8828878
8781817
4719602
5832998
7366181
6523605
372796
2453677
8314639
5288310
3909631
4198045
3192101
732574
177690
4980785
4287777
8066007
793828
9900051
624078
9753232
4455179
3451422
2529283
1027854
6063160
4360709
5452418
5922546
1253777
8240764
4716213
3286957
8523280
1826237
5530968
3095300
3296381
4151594
6781568
8237975
7004973
711508
2851898
5946742
9528482
6379084
5065311
6020469
5192698
1656194
3196782
98594
932114
4691524
7951837
7372024
191529
8425778
7309280
7326234
7675861
8209801
3189206
9378953
8152811
290210
34749
2604873
7171247
5668452
3585444
6132396
2778850
7013049
6372070
2252535
5105798
8541091
6277243
9797627
5026937
83889
5883039
4927640
4023112
6913030
3266348
104381
4833031
6326874
9404594
9739032
6520227
483907
3418971
2766016
8175403
2518140
4509225
8226228
2632624
9583130
8623520
9835320
5298562
2144965
8658858
9467729
3477152
3580947
9301966
7504774
8417771
7939468
1497540
75195
5723212
6577969
6970168
9359089
9724464
6319646
228222
3331293
3962488
2755933
4042451
5587819
3012883
2370583
4518968
4229037
547563
6272546
3575768
1165881
4748238
6498619
9883889
9670427
4969710
3083202
4148742
8509770
2896712
6391321
984130
5582206
7346183
4572390
7570912
2617307
4337621
416037
8794203
5206543
3087320
5377613
9617495
9198708
4178030
1089875
8078996
5324448
8313762
288619
6484965
8806809
2790163
9753895
4126760
9669755
8094117
7604763
2162776
2474242
8891888
6084344
183395
1291448
2073359
8833314
4416536
6865386
9490613
8573735
9533333
8122184
4562293
7111516
9577935
9450895
10902
4614589
8672352
8510789
8658394
9235210
8836763
6712631
426110
1318653
517610
5976569
6468326
8676848
1230298
886793
5714366
704400
9100231
4943225
2459
9475687
1025410
3253079
1459202
5385631
9685742
1710201
9811699
3382999
9688667
4477673
7915160
3393985
767684
7419266
936935
5145087
5139774
5017875
8358663
3268176
6879703
2274157
8241425
3306942
3483639
1096201
44486
3042762
3671429
2771074
5696424
6419334
916404
4251740
8588129
9269269
9193470
6197861
6690381
7032162
6000727
4976605
9094403
4702467
7836820
9159672
4931995
8356870
5005642
3445270
9852548
5784631
5872002
9388941
8017465
980747
5506308
2844621
6918186
3560576
33250
2597467
8232238
9515909
5938960
3312527
402437
4156300
3093048
8628417
7657557
1565797
1306369
6992742
5788490
7454034
2872347
3666084
7152140
3891988
7729126
7213955
6095959
5096517
3631751
7761183
1279291
3164136
1038074
7300794
3213330
1453306
1289002
9429515
3749759
1175852
7103172
7024606
9218805
3681934
6408077
1581814
450651
6909346
4094143
7201814
1009871
9516731
1405192
5542575
9630726
331631
9368177
5447676
4061891
3918120
917049
2415684
1312366
5305107
6180039
8593245
3636036
8215193
6776624
3554673
500548
1495342
7909865
9773356
4256873
7874395
1541801
4395389
1259125
7658851
3975
693441
779917
7527106
7022194
8408905
1224727
1193701
2324013
2082993
6869463
4388964
6749433
432491
8628602
1335734
7099723
7843487
9207007
3703706
3836254
1136440
6396695
5883246
180672
898568
8250570
2344372
8169691
6884573
398297
3832909
5782245
1254330
8865242
9204661
9383690
1746237
1413558
8809771
7421201
9277482
6645246
3513266
4556452
917599
2890186
674124
236133
9699225
8247854
4703993
2077818
7310062
9059650
5188077
2388113
4352653
6559445
9974475
5632020
5563598
483182
4124623
5736862
4151485
4014038
8166306
4741088
242829
6597907
702031
8487734
3317936
9884597
1099392
814245
7473653
7333411
7726365
5004850
1367558
9867430
5993337
148601
1778239
8369047
8324943
485672
858841
8779992
5108684
7826441
2366199
7102306
1653556
692344
1415403
9692400
1240810
8954444
5639745
8898564
8460248
9435106
3028574
5312980
199302
6190125
3170650
5692502
3888485
9003102
4148186
9948154
3905609
5000827
6906823
1511536
7402505
1237877
2569386
2856979
241806
600566
5866315
1991549
2217685
9444898
9623283
6320653
8283258
3010045
1076555
7455245
9118712
3838397
679237
4247299
48011
9185149
8016647
1623442
2048398
5714841
7466606
9632339
2395720
3659239
8320527
529609
5349925
8050374
223769
1694776
5208928
1644545
4998793
8707959
5045354
2717497
182226
6009681
4489501
1037983
7937037
2225425
9033196
7016343
5393596
3457223
1503039
2276701
8928460
627807
3587864
4715829
5407322
6308524
1604074
7488673
7998621
2370428
6043821
9300011
2806901
2268685
8874866
2883641
5280094
803592
6047226
9614954
2112438
9797258
5210609
829735
5194882
283162
257903
611420
9057353
526516
4983864
561071
2202368
4476587
7884439
4378705
5747046
7097798
8921022
8961641
9870641
1434657
6935223
9164914
9707326
7236264
3323622
5370811
7528991
2499330
3568237
6579008
7330434
7384372
3267327
6855740
1259396
4617929
9422425
9669922
4726444
1714367
911375
2896028
8484816
8134018
4313428
7078072
1487896
4840129
2551314
925905
7912091
4625283
4176520
954560
5375425
9048662
547835
6679285
9087276
1858720
6639549
8843394
8432241
9371553
8764525
5782981
8321205
5433437
9108691
2222033
7535246
2316712
2647327
5543404
243118
9181407
6749837
6895571
4890609
6580694
7578554
8372059
6740145
8896451
248420
2939863
6481617
6561938
1638239
795140
7540463
6461790
5730503
4388928
8976603
1995207
1405652
4492555
9197956
3946470
1727923
1361914
8104772
9527568
1933790
8311669
1736163
9740966
570329
9824959
4007735
4556207
4529651
2701103
4709347
1302286
4086899
6683247
1574565
4148397
8473107
509883
6938488
1578886
6000571
398580
6268181
4363936
5307192
597259
6680021
8685705
5897589
9827773
8450883
7800359
6832608
3198508
1485113
899632
2155176
6477190
1716846
9681243
439274
8492024
9507322
1545728
3710153
7868727
3239376
3307915
7907712
2313023
6516418
844500
3051312
2212555
6640755
8194873
6313111
5459166
5376199
4290548
5318354
7081949
392486
6709245
2164847
5533402
7244109
9632903
890210
7285491
7253736
7534573
2414303
2769373
6250472
7027355
1345556
9631984
2755806
6779265
8463779
3784658
1915145
9431090
1178322
4783371
3240434
50006
1809317
9707200
6059422
2809957
151036
8890987
6459737
1310446
2450250
7620206
3470977
8228661
3668782
210439
245625
6845485
3698284
6770843
8079683
394211
1056608
8390446
7256465
5151451
9518933
3488042
8902100
9722917
4123190
6630936
6308851
6072507
3038108
1254718
2512455
7501270
893558
9405717
3302248
5003578
7346691
4879724
1297923
6211002
1893705
945041
7244362
480116
2235883
214850
9256025
9588638
8869892
2173366
9385016
5975028
2996158
3362174
9591946
9489870
8325448
6297625
5966371
9223062
9912628
5817086
873601
9129039
4757899
5741332
7597285
4892973
9589627
4492290
1002247
4764063
979219
5619813
759628
8927782
1737334
8068106
756460
397101
5402024
1451896
9454380
5373439
7553249
3614369
1167289
2561293
8674527
1303362
7495295
9016195
8331319
9929257
1482404
4763850
4547052
5057466
4457975
9649011
5431551
6540345
6977035
3655851
2352935
6007854
792142
6287302
5242900
9813199
8369538
1499017
986610
2469172
104940
2154336
5272261
112838
7099376
1999814
6761709
9600694
9123057
3756602
9992374
6463353
3225350
9081157
31973
4138274
8341507
9869450
7581446
7651015
5201872
662072
7957792
7229929
8866860
8753326
1187317
1216175
3291109
2015583
3301193
3070385
3462744
4420912
848967
4279267
868802
5775172
1632078
3529873
2305435
5275474
4708190
2646236
381574
8160108
1828533
1472506
6457338
940750
644239
7138691
3213536
3489959
7254010
7959546
4566177
5602669
1964257
8594111
5220017
1558604
7494213
1032866
797705
8683226
3282310
5481395
2186208
4938049
3036478
6273929
4509747
6166827
5219823
577091
1968558
5782371
7774476
1833589
4675392
8399404
9060250
5647604
2576710
4202097
6721043
3128030
4563138
2680632
4990773
5582696
7953810
2779321
8811956
4896158
4681809
1469537
63853
5925591
5712991
4293893
7183461
813755
4498059
9523830
4511437
245006
3587840
2230969
1806369
3359704
5934265
5793265
7544650
6294406
3854678
6140255
1859531
9129606
4154631
8387334
6271756
2403807
7484441
6417241
7725508
7292098
3647316
3437625
3867236
8049432
2282000
5576749
4991244
1383178
110388
1175135
5624764
5046543
1770713
5589098
5336556
7133863
1149430
5042873
4026911
8310745
4080031
3349211
1693255
1526477
1294599
2164039
6464387
7633089
2593968
8848963
7557708
774893
9344961
5986122
1737628
4414285
2618244
3123088
2839659
7424043
8547901
4421202
3973548
9803325
823929
5538966
1130110
9263989
2621437
9302786
5090261
3185847
6725373
2500585
5771087
5253897
3127238
5479486
9442590
2467534
7950262
2137005
4610102
6151201
6202160
365843
6781179
97878
3559595
2045632
5822109
41286
9156121
7270628
2158007
1279606
2175403
9660612
9681786
5462991
9944118
8322907
3911136
3309091
4174018
7316659
3668949
7325254
5020199
5316214
3361488
7493056
9702708
6578635
789895
3310204
3581212
9291111
2354473
7586885
6777487
8907184
3497518
958017
8708133
2176476
7279279
1199854
6219914
2230738
8092979
8128848
8412790
6309809
698633
3112588
2690698
5494214
6991758
2037150
2097796
156891
4221851
1952070
3577908
5754700
8736905
4553692
437502
1051084
8753985
4169501
9997624
4894458
8142289
3970594
9187779
8272603
753882
1766329
6664812
5521540
1448668
5924678
9932457
2288069
5633965
2713761
9892262
8128352
3875386
8674470
3274207
8470646
1934554
5511074
5475383
4078449
9450515
426138
2477704
6121086
2405528
1828019
720680
1491902
5502251
8903704
8072871
6109989
628160
3676657
7375718
3599532
6694378
5858827
6426015
2961591
4309911
4057921
4718386
1636328
5988610
1715470
7786675
9699390
8885025
2528221
4563279
6844366
2416627
8044775
1817987
6273934
7553710
9631411
2443004
8655532
8044616
8065441
1118387
4893062
6392740
6641414
1722226
8624372
9013128
7864938
5742454
8074935
5670271
9560842
9902267
2181373
8035066
3536851
4228713
7744151
997705
8820901
8874067
2776995
8234616
1929677
9142213
6191266
451388
8627903
3377321
5486756
709932
5202380
7639676
2216030
6296987
2401700
4423611
9647698
702385
1882034
65059
8274650
2449321
3251349
6941335
2596529
9755201
9618836
2083309
6951399
1300494
933319
3400248
9079770
3744282
7333835
8360142
7574870
6049118
9237557
7673437
3406203
9164035
6954663
8295662
6299205
7163452
246718
5894527
3911948
2551020
7434595
6819619
5470594
4111260
4413885
3567948
1808472
428229
6250250
5756124
599371
5989208
7904072
690057
8983845
9652802
6073238
3765639
5758010
7184609
1144846
9138941
1827554
550001
6811067
5372048
725336
6702331
5031354
9090713
649195
7716256
5712634
2082623
5697270
2289672
3731095
3720102
6761341
5874079
733597
1108700
1884408
2992034
5533727
3943163
1796915
661684
4856946
9694871
8816756
6272179
5691231
7459911
6331365
6740104
1564092
5564515
1675933
8325911
7693751
8854696
7379969
8100625
4151781
6489469
4475148
8726971
1926405
12131
6840569
7955353
4090139
4491662
7407272
3033977
3152400
2606375
5452053
8093723
6117172
2684516
9181312
9492203
767746
6921612
9338899
87763
265033
5261930
7667596
8463030
8272893
3761493
8712089
3228921
3513354
3642663
4671996
5713858
906597
8705407
796705
6579277
6264973
4277919
3159484
3201319
2887335
469345
1556532
5019950
1339362
6129961
7747343
3480572
8207566
7629202
3285953
1679499
5679060
8329547
1788345
6373527
1426176
464315
7639489
1625150
7464441
1020025
6864209
9028775
7404387
7179052
6169251
4199656
3832112
4895870
3009645
3006068
1430477
6260268
2940655
3886586
6892267
7443507
487305
4518141
3678594
9228437
6296687
2086885
8240295
6392209
6433948
6462695
4446993
540268
9341050
4689488
4657978
3382889
2198136
3377355
9121007
3900630
1210482
2818822
199559
3362603
9689769
2950416
4306060
6741589
3706584
6641998
2358025
7712575
7561770
220186
9076034
7126371
357450
4618506
2506893
1617554
544244
3095734
7782308
9836060
7479422
3075230
3312827
8684311
7751406
331878
3368779
896859
9309277
3489595
8314388
8317104
8281607
5591187
2638174
2305704
1777167
7363647
1362241
3857905
4930759
3725852
7414971
1212059
1990609
1071901
6116116
1999214
9339479
7912206
8050235
313702
2999856
5565744
8293852
6477267
4394260
8770721
8213695
8724311
5914950
8317228
5867820
1553456
2202979
9104291
2418351
5070663
3944766
7385047
4904061
3291760
8465065
387614
222948
7077264
5428379
9985527
1239416
9140022
6556630
9640486
3557618
4396210
5429034
451426
692000
8822859
7150877
7817816
6117995
3940113
7961073
4961366
3000305
2054042
1694099
3349180
6273139
9475876
3420088
2922714
7186251
1076131
557583
6960722
7432547
9737155
8286648
7390707
8537507
8535214
9185731
6412215
2317604
1813311
6673892
9406650
9904379
3698518
8060702
2282098
82746
9072653
5789308
3637998
2506594
2522749
4803905
8433301
7731682
5377810
9881007
5203120
3945278
9580940
9234641
3292660
9773964
9851015
9738809
63581
3615448
2355630
4706204
576755
2567227
8947142
7320452
3866725
8214333
906205
1539774
596962
2290416
5092283
7573234
6621406
2540824
8418175
876388
5776544
7993298
3645699
2021397
3089648
3281386
642239
9767323
6512596
3667586
2442940
1189583
1277063
5977723
4730922
823190
6015642
5784984
677957
5432649
3904844
7871523
480617
2242057
5259712
5247459
6382020
6242173
246124
1821590
9486824
6536917
1675702
5195056
4257244
2599961
8209540
8988672
220419
8782802
7720836
8616575
8122543
9448852
9052796
483311
9532752
7703869
7957037
2208413
4729829
7851157
9609042
672006
3597389
5420763
5771018
5426888
8208251
8905024
9408888
7337028
3796315
4178567
3368918
6179356
6894315
5989056
2580859
6385170
5558410
875662
1178278
7099440
6805662
2405486
6913097
1300770
657996
2713796
5290180
8851669
8516351
3992222
4959143
38309
5981295
9789684
4074369
9410853
6691436
8774082
4570590
4549890
4268586
2948454
7600144
761506
4038655
8223521
8739432
642922
4839883
7719236
5995861
6962619
3935054
7201166
7132918
8363317
4811950
7653225
5379846
23105
8486344
2146486
4203718
5599511
3814455
2884520
2495523
2533222
1276810
9588876
1258228
102623
7713090
2234054
1683588
8497298
6567586
9549507
2365812
7618062
9347456
9676922
324026
6313054
9201108
904222
6491796
6323900
6791531
8493438
1380792
342849
1969555
8277817
737037
271319
2144536
8924205
4181962
22158
9705086
2539990
2066865
7022448
6360009
7649535
7068172
7950591
1849706
9473305
7412223
7180890
8120896
9913522
8042162
910773
7762540
3683452
4525806
6010280
7268481
7613075
2052217
260385
1522361
7322134
8476021
9836148
5792955
9172237
6042345
642697
5483163
5692893
1161578
2426436
1893445
9522089
5401984
8460885
4340599
4310173
3729522
9045955
5115321
1006562
7948062
4061463
3967101
4481953
4279515
8380110
3072569
8534457
4072210
4072124
1773475
6986242
5737196
5023197
2763081
4798004
4185963
2839324
7854819
5911770
1279412
7726589
1984635
3878253
7096729
4410901
8678534
7233167
7194142
1102127
8859403
4057625
5447375
9009053
7572278
9190952
5557934
976010
9974795
3159920
6852207
438990
8769648
4046652
1613646
6088527
148443
2238115
1862188
3378555
4271425
3283346
3231332
1334917
9325143
5930242
2392184
1994157
5280167
821962
2335056
242678
4613574
303678
6743060
3828291
2465998
1323631
678472
6880647
7970593
1508141
9851439
5403992
1821371
3148414
4851966
9895143
2540925
1057726
9899930
8491514
5362641
8040716
7904179
3868513
3160072
6062275
4920651
8482550
8436248
2111689
7460720
5695363
9028227
5228398
5524842
8817320
7887331
5188956
2722889
6171812
9063033
3950463
2391390
7909808
7848577
8103946
5229215
9493067
2938979
4311871
9647087
7516507
2407122
9987174
762620
5854637
3321263
8316905
7771409
3993932
6907322
141759
2286033
4852493
7301919
5173504
2158657
6390256
2147194
1565505
6289250
9877502
7546026
5947230
5970251
7816358
8226347
5691857
7429869
6199421
6155818
1406783
8410002
9041608
7303221
420040
8851105
7935788
6760498
1381345
2055170
5759686
7019433
6004688
8059288
1601017
2839574
6450081
5376114
3469771
8849051
5875296
743874
6430992
2787528
5284107
9077366
6418384
8130613
1955781
7422776
4178498
4727628
3461232
7392912
9547228
5039692
6554487
295815
3574789
6582704
2073797
7968527
4892307
8259824
5394932
189123
7152598
9410687
6949913
6463944
6379664
5609620
8857616
5973294
625916
4512738
1808415
4507692
9463029
8383859
1003200
1338105
7521850
7321764
1167845
2137403
4548701
8666391
8447373
6306620
4259858
3579156
1329781
8358414
5652981
1372645
3657710
3371480
3373691
5807527
256804
5953452
8237447
5279573
9742848
636204
5071349
587306
9665454
9176250
2667413
9800825
6304276
6844304
9828358
9644960
5154440
5461864
2238858
6764983
8421063
5679027
7209690
260679
2688460
4786551
7219158
8954654
3337833
9216550
8615623
3003340
2257915
2809973
8846915
9664242
1926301
2915416
4146876
7300536
2034835
6432576
9736214
34210
4490678
7025048
6284314
7851524
8845349
2900939
9630606
3419641
2987264
1796139
5578535
7390856
3278975
6093906
7952136
8550917
4228533
6375733
6044670
3810550
255083
6122323
7090730
5744320
1142033
3769811
457681
2148587
8366807
875180
2879244
2920376
1654408
6756200
8243496
4451549
3822748
644979
1199505
687754
7270847
2130605
1161277
3019222
7306764
9465140
2164637
8250517
5920291
3168587
4472135
5038968
4576156
9292253
5822996
4396563
6136688
2686291
3789615
9117675
4118582
5665991
5829027
325052
2146633
1582753
307251
6719111
7687990
5979498
26349
3570625
1933682
246571
9598507
4014477
2039897
3993066
9388383
4782252
2849665
2709783
1684426
2153987
2686320
6723902
9261840
1614499
1843315
5931738
2564283
6467281
2990668
2344815
9358380
6489032
9876510
9095793
9904569
7600475
4422924
224624
1439741
7484176
2598457
301639
8081609
97681
6295402
6743098
6141676
4110342
1848119
536059
273135
6434793
5799423
3013250
2881988
2229123
5055202
7304959
7794115
7013348
1663196
3143790
9297986
4873884
2110015
2809448
9372162
9122295
7251230
4174553
9158673
8229654
1772516
4048812
5557832
375465
1425591
1317707
196978
4530129
2190849
4733171
5965115
4632562
7989308
4637571
5807342
6129606
2599702
1388645
9537448
911490
7032242
5801834
7053977
7507653
5768772
8537840
534544
8299821
3999745
6037000
3935105
4464330
3271677
338456
5435369
2373225
4804393
8920874
7348485
2263782
8145613
8562845
8452559
1128667
7801138
4144889
5703561
6983996
2012060
9301322
5853603
940192
5946167
879102
2625510
6830557
6228878
3272040
1784107
5545100
4959791
1872657
4696538
2672205
9144071
7120246
788440
3568333
5813676
1922540
679709
9556000
4021557
5589736
4723077
2592879
2362725
6843424
6170638
3459921
4709245
6949305
4257963
284012
7441932
1571436
122345
40701
8619738
6557021
7661200
5575178
3248503
8534642
2188600
4634711
9093961
5945124
2062361
5423336
4329580
9923063
2331053
5269714
1718046
7308375
4889776
5141570
3995861
9991052
6635477
2945294
1663774
5778650
5677054
2816787
7481437
6024823
5782423
5939769
1622885
4368611
934205
820306
7670159
9107950
5117618
7401414
2405574
8967248
7278633
9919162
1708845
8317669
7767391
7981791
773492
3270123
521336
3995920
9327640
4484758
4744472
7769012
1577542
6027106
903617
5884834
6187841
2149841
8489446
4278735
3770812
5490445
7179621
7332140
8077504
848915
8793198
5760720
2366930
8445950
4740011
8588318
4275135
9360906
2545646
1578737
914177
3710128
5472090
5640114
901791
9050082
1256087
3921663
1555650
2476073
9551691
5590154
7581897
4936120
2790452
7603565
2245802
390921
1862135
3191947
3233082
5624653
6270803
7210576
3193669
8747683
8235587
4048099
9305369
5731097
1582368
3352400
7103089
4674275
9212102
2479550
1290006
6930581
7433430
2276230
280231
2702550
1511690
4573635
1818274
6266789
4413396
5600915
4178752
2600149
9914704
9418805
1170564
2852521
1994333
9429174
9452878
847979
4745866
4033788
3516050
6594790
921309
4595674
7088744
5646139
2657242
9999039
9703264
5077277
4936835
2308789
3684285
7831089
905482
2298257
9921888
7232933
8284727
1943841
448004
2586907
7818635
3377810
2056072
4939568
7938701
245652
7986920
9333403
4647847
7931860
4049591
6171218
2001009
3698201
1454016
9673938
6499269
6421011
1103165
5838109
8216438
8319215
3125498
5785752
2541465
7832291
1024233
2948042
9046965
3637496
1978173
4135594
8183656
4688277
3549512
5221992
2252409
110799
2337264
1903498
4420097
5813184
1960645
4796745
8422366
1742073
6164966
5997491
2035904
4863716
7813254
1147392
9404755
8151889
6060075
7042059
869645
5132504
2099703
9862469
4076281
2864840
8538973
3223182
6828002
3631942
8665901
8404584
400132
7067759
9668309
1372750
1847833
9966228
8202432
2489325
5216217
597540
7619670
5175162
4500915
7999427
3630348
9215265
5709262
4416393
9216569
2878943
1436717
827364
201924
5577880
9000075
1332335
44048
9396170
2358491
2061165
6136692
3500194
8805292
4222732
191217
172531
3727996
8930260
2113067
5012950
610918
3518706
197046
6710821
8894186
5212645
435871
3717144
9304971
8208220
4269707
6130706
4841142
4500242
7200083
1161708
5714552
7115655
349796
9647537
8250596
6807139
3271107
9269171
992636
9715678
9087737
7353057
6074335
4028553
2401887
2442106
299918
8239237
6305681
9180795
8311803
2258301
7307173
5483180
9727010
5329475
6014217
4438968
3188222
1472613
7015251
5961606
2902302
4005385
3554203
4793693
7428533
5588083
1317460
2158826
6230816
9191021
934036
8085340
6822478
8401586
635784
226226
4209344
2568065
8932665
2860818
4776129
3419958
2128865
6687706
8763199
5009575
3038660
6004621
9045183
8087263
5356719
4919900
9049878
3352727
2795666
8351437
9345332
5417456
3324488
6742880
674965
768351
6624526
5663143
1035016
8540251
7225526
2754143
5765570
2485086
6692411
4852989
2565881
6168016
5704144
7538694
7846630
1125957
899257
7839784
6896251
9491488
1958319
8388042
7965375
8415200
1551824
7914905
9562918
3512150
4502681
8660920
1009279
2513128
2795690
6004930
8606578
8319052
9912091
9418542
3662804
2736869
1375488
6712722
4046211
8317914
8366122
5467207
7948245
5924780
7793712
6519756
7097728
9920301
5314755
4441064
6796005
1202345
7438384
9032526
1832188
700700
5085607
57849
589591
2407381
3749914
4655821
4468911
5529309
4752994
3180415
6130658
9932355
7997451
4575698
7998781
7688334
9089155
6816854
1969412
6241625
2735049
1434967
2333072
5479631
9917932
3692030
6545678
1821430
8507952
1583975
2673089
7331487
5691238
7523341
8085948
820421
5879313
6289543
1295955
912363
9608611
1633512
7701733
8138560
7347661
1784823
451844
4259404
7100167
1033238
9634506
2222200
6225431
542930
6567979
9429531
5993282
6606491
5092578
323148
2048857
8657125
8454699
1680937
5183287
2531296
8625197
5479532
4589559
6710387
4708927
9692778
128512
568795
8479194
6976283
1038125
4017177
8010320
4830899
5989986
7353415
4883486
8543047
3429996
8620201
6505452
9967377
1736095
3316935
2706745
1047326
5883983
7925000
4975300
861725
1032524
4379288
7433553
8940683
3723711
7355159
981390
5611544
8237787
38894
5904347
2215804
9052312
6910966
3685876
180447
324663
3995344
5764471
8132236
9850680
8014325
5540888
511073
8047844
5937242
67648
9468623
2169597
5522731
9542462
4230982
2178115
5628023
5979185
8559228
7486039
2295132
7244342
7459278
3123375
2922554
9024220
8872587
9793989
6192482
5227000
4721732
4756806
9847341
6826322
8390079
9500047
1895790
217152
2482253
5772514
3377140
8781766
1542236
3694173
2424503
5553114
9298496
4388944
40790
614791
8960607
4865858
7738001
4191285
8109434
4720391
5989094
5259139
6802988
2636047
303046
5949085
8662695
5636908
8657532
4011217
9909825
5575116
9986
9179655
589486
5432932
8656650
4400168
5549604
2677224
3320516
9573631
134911
8124943
3022915
3720174
7011055
6561351
4029834
1283309
6051496
9698455
3462856
9670306
8799954
2969330
5525972
8064505
2663737
5124672
5723304
2047232
7698364
3631192
6929150
4631433
611478
9467094
8720549
1936085
6444108
2068130
7993933
919904
8279938
8898418
4561213
7344824
9288298
4403398
157027
4454165
9424191
9948020
3087661
6727380
1188727
9751459
3613510
8512690
4995926
7800341
7080763
4340915
4896937
7255690
2804324
6288225
9680274
6964491
6752817
3882494
2696776
9344964
5197833
3737422
6150550
135382
4663441
9350494
2052261
3279408
748258
6315350
2548686
3566699
4691261
4576051
6922547
5555665
1913807
7290207
1199195
9776026
1194182
5369869
9001830
6241967
6617309
7833551
9064464
902440
6991089
729696
5641988
2813322
9032167
1581351
2949194
8536877
1297753
2053780
3715770
5557142
5576438
8861177
4961793
8345594
1249791
1805620
1178356
9119617
5997856
8280838
6240551
307036
3145459
5575325
585082
7263148
1932614
5873790
9452384
7882412
2041114
3982888
1323173
405150
7820709
4496609
3071983
1940307
832152
3368696
9815255
8008545
1560663
8673860
2949171
7755626
2452225
6716580
9452500
394246
4786450
2585660
9172270
5903201
1323564
8754726
4515190
7045953
5149413
1393260
8735317
366359
2691203
1679749
4838520
977573
5488008
8597948
7016911
9680764
973941
449254
481450
1233572
7268171
4628589
3578531
9433860
764826
9088188
8156434
8092576
8177135
4353117
290108
6940207
6613998
1954298
3677806
8044527
6253496
3709292
2290701
1413041
226685
6408012
7186674
8111721
5436346
8150027
4792048
5452356
6209181
5832043
410105
1584016
9916293
8098607
1232838
6169834
9995601
4446049
7712423
9738552
7171165
9109104
791502
6770916
4088244
7861637
5196446
6614270
2069221
6927312
5765331
1914356
1244358
5823046
4612447
6411561
6922686
147496
1823744
2669537
5742139
6078805
1332676
5587337
4874405
5660291
6643515
9391889
6358752
829689
8149246
4215868
6500450
4587044
4933769
3336704
7193218
9698277
9153189
3685661
2011471
8895916
358558
331669
4966945
5665432
452512
302721
3935627
1395069
7364836
2328431
3934745
2919016
6987042
6870491
7665884
4298230
8423645
5153494
2039134
8060140
7197899
6816796
9754516
4057964
4692314
3278778
4440726
8612277
9809384
7938089
6337604
2661953
605496
4932138
3057541
5278543
9481112
5331322
6572357
8087606
5402848
3368165
3246043
6892461
588197
5583757
8470057
9110298
7101175
2619578
1256702
9507509
887298
6791011
7007454
2160574
6918832
8549515
8596913
3570794
9326348
1473677
6899408
425597
4660225
8525042
1934076
5626120
4755763
1962803
4915608
7890188
8068196
5532195
9671645
3491812
4798959
324563
9124159
3512741
1652116
5052854
8830968
6358566
6639984
7394423
4944872
3231348
2999509
5523781
8371721
3752662
3986076
7991118
395051
9995430
7078994
5698110
7583759
9809850
6962954
1880750
5410605
4518198
1542388
4729631
683183
1805211
4200671
2561319
2625283
1945244
8533753
3300150
1245453
4384311
8867822
8438002
9490852
2134596
1013226
6610266
2608337
3440972
2911937
3459496
4121039
3743516
4103420
2553852
2877535
6086948
6263855
6785725
9742025
4817397
4466230
896572
5667764
5658842
263907
3557240
5132333
5076022
3217842
1778736
212140
3207565
7067709
1336608
934901
7592549
389766
4362808
6972649
9415649
9289382
9292115
4224163
60484
1443698
8945881
7384538
3387729
6640014
9694093
6210941
8344002
8848029
8357429
8867421
7259514
8819171
3794180
467978
7506887
4223815
6962652
8735928
8070537
6417272
6657818
1558904
8015432
9068011
8091722
3142700
846027
